#ID    T_NUM  T_NAME                         N_PING  LAT          LON          DEPTH   
1      2      narrowband\L0103-D20140723-T140847-EA400 1       NaN          NaN          48.384  
2      2      narrowband\L0103-D20140723-T140847-EA400 2       NaN          NaN          48.192  
3      2      narrowband\L0103-D20140723-T140847-EA400 3       37.649118    -0.660780    48      
4      2      narrowband\L0103-D20140723-T140847-EA400 4       37.649118    -0.660780    48.192  
5      2      narrowband\L0103-D20140723-T140847-EA400 5       37.649118    -0.660780    35.52   
6      2      narrowband\L0103-D20140723-T140847-EA400 6       37.649110    -0.660792    48.384  
7      2      narrowband\L0103-D20140723-T140847-EA400 7       37.649110    -0.660792    48.192  
8      2      narrowband\L0103-D20140723-T140847-EA400 8       37.649110    -0.660792    48.192  
9      2      narrowband\L0103-D20140723-T140847-EA400 9       37.649103    -0.660805    48.192  
10     2      narrowband\L0103-D20140723-T140847-EA400 10      37.649103    -0.660805    48.192  
11     2      narrowband\L0103-D20140723-T140847-EA400 11      37.649103    -0.660805    48      
12     2      narrowband\L0103-D20140723-T140847-EA400 12      37.649097    -0.660818    48      
13     2      narrowband\L0103-D20140723-T140847-EA400 13      37.649097    -0.660818    32.448  
14     2      narrowband\L0103-D20140723-T140847-EA400 14      37.649097    -0.660818    48.192  
15     2      narrowband\L0103-D20140723-T140847-EA400 15      37.649097    -0.660818    48.192  
16     2      narrowband\L0103-D20140723-T140847-EA400 16      37.649097    -0.660818    48.192  
17     2      narrowband\L0103-D20140723-T140847-EA400 17      37.649078    -0.660843    48.192  
18     2      narrowband\L0103-D20140723-T140847-EA400 18      37.649078    -0.660843    48.192  
19     2      narrowband\L0103-D20140723-T140847-EA400 19      37.649078    -0.660843    48.192  
20     2      narrowband\L0103-D20140723-T140847-EA400 20      37.649070    -0.660857    48.192  
21     2      narrowband\L0103-D20140723-T140847-EA400 21      37.649070    -0.660857    48.192  
22     2      narrowband\L0103-D20140723-T140847-EA400 22      37.649070    -0.660857    48.192  
23     2      narrowband\L0103-D20140723-T140847-EA400 23      37.649070    -0.660857    48.192  
24     2      narrowband\L0103-D20140723-T140847-EA400 24      37.649070    -0.660857    48.384  
25     2      narrowband\L0103-D20140723-T140847-EA400 25      37.649062    -0.660872    48.384  
26     2      narrowband\L0103-D20140723-T140847-EA400 26      37.649062    -0.660872    48.192  
27     2      narrowband\L0103-D20140723-T140847-EA400 27      37.649062    -0.660872    48.192  
28     2      narrowband\L0103-D20140723-T140847-EA400 28      37.649043    -0.660900    48.192  
29     2      narrowband\L0103-D20140723-T140847-EA400 29      37.649043    -0.660900    48.192  
30     2      narrowband\L0103-D20140723-T140847-EA400 30      37.649043    -0.660900    48.192  
31     2      narrowband\L0103-D20140723-T140847-EA400 31      37.649043    -0.660900    48.384  
32     2      narrowband\L0103-D20140723-T140847-EA400 32      37.649035    -0.660913    48.192  
33     2      narrowband\L0103-D20140723-T140847-EA400 33      37.649035    -0.660913    48.192  
34     2      narrowband\L0103-D20140723-T140847-EA400 34      37.649035    -0.660913    48.192  
35     2      narrowband\L0103-D20140723-T140847-EA400 35      37.649035    -0.660913    48.192  
36     2      narrowband\L0103-D20140723-T140847-EA400 36      37.649027    -0.660928    48.192  
37     2      narrowband\L0103-D20140723-T140847-EA400 37      37.649027    -0.660928    48      
38     2      narrowband\L0103-D20140723-T140847-EA400 38      37.649027    -0.660928    48      
39     2      narrowband\L0103-D20140723-T140847-EA400 39      37.649017    -0.660943    48      
40     2      narrowband\L0103-D20140723-T140847-EA400 40      37.649017    -0.660943    48.192  
41     2      narrowband\L0103-D20140723-T140847-EA400 41      37.649017    -0.660943    48.192  
42     2      narrowband\L0103-D20140723-T140847-EA400 42      37.648997    -0.660970    48      
43     2      narrowband\L0103-D20140723-T140847-EA400 43      37.648997    -0.660970    48.192  
44     2      narrowband\L0103-D20140723-T140847-EA400 44      37.648997    -0.660970    48.192  
45     2      narrowband\L0103-D20140723-T140847-EA400 45      37.648997    -0.660970    48      
46     2      narrowband\L0103-D20140723-T140847-EA400 46      37.648987    -0.660982    48.192  
47     2      narrowband\L0103-D20140723-T140847-EA400 47      37.648987    -0.660982    48      
48     2      narrowband\L0103-D20140723-T140847-EA400 48      37.648975    -0.660992    48.192  
49     2      narrowband\L0103-D20140723-T140847-EA400 49      37.648975    -0.660992    48.192  
50     2      narrowband\L0103-D20140723-T140847-EA400 50      37.648975    -0.660992    48.384  
51     2      narrowband\L0103-D20140723-T140847-EA400 51      37.648975    -0.660992    48.192  
52     2      narrowband\L0103-D20140723-T140847-EA400 52      37.648963    -0.661002    48.192  
53     2      narrowband\L0103-D20140723-T140847-EA400 53      37.648963    -0.661002    48.192  
54     2      narrowband\L0103-D20140723-T140847-EA400 54      37.648963    -0.661002    48      
55     2      narrowband\L0103-D20140723-T140847-EA400 55      37.648963    -0.661002    48      
56     2      narrowband\L0103-D20140723-T140847-EA400 56      37.648942    -0.661018    48      
57     2      narrowband\L0103-D20140723-T140847-EA400 57      37.648942    -0.661018    48      
58     2      narrowband\L0103-D20140723-T140847-EA400 58      37.648928    -0.661023    47.808  
59     2      narrowband\L0103-D20140723-T140847-EA400 59      37.648928    -0.661023    47.808  
60     2      narrowband\L0103-D20140723-T140847-EA400 60      37.648928    -0.661023    48      
61     2      narrowband\L0103-D20140723-T140847-EA400 61      37.648928    -0.661023    48      
62     2      narrowband\L0103-D20140723-T140847-EA400 62      37.648917    -0.661025    48      
63     2      narrowband\L0103-D20140723-T140847-EA400 63      37.648917    -0.661025    48      
64     2      narrowband\L0103-D20140723-T140847-EA400 64      37.648917    -0.661025    47.808  
65     2      narrowband\L0103-D20140723-T140847-EA400 65      37.648893    -0.661028    47.808  
66     2      narrowband\L0103-D20140723-T140847-EA400 66      37.648893    -0.661028    47.808  
67     2      narrowband\L0103-D20140723-T140847-EA400 67      37.648882    -0.661025    48      
68     2      narrowband\L0103-D20140723-T140847-EA400 68      37.648882    -0.661025    48.192  
69     2      narrowband\L0103-D20140723-T140847-EA400 69      37.648882    -0.661025    47.808  
70     2      narrowband\L0103-D20140723-T140847-EA400 70      37.648870    -0.661025    48      
71     2      narrowband\L0103-D20140723-T140847-EA400 71      37.648870    -0.661025    48      
72     2      narrowband\L0103-D20140723-T140847-EA400 72      37.648870    -0.661025    47.808  
73     2      narrowband\L0103-D20140723-T140847-EA400 73      37.648858    -0.661022    48      
74     2      narrowband\L0103-D20140723-T140847-EA400 74      37.648858    -0.661022    48      
75     2      narrowband\L0103-D20140723-T140847-EA400 75      37.648858    -0.661022    48      
76     2      narrowband\L0103-D20140723-T140847-EA400 76      37.648858    -0.661022    48      
77     2      narrowband\L0103-D20140723-T140847-EA400 77      37.648858    -0.661022    47.808  
78     2      narrowband\L0103-D20140723-T140847-EA400 78      37.648833    -0.661015    47.808  
79     2      narrowband\L0103-D20140723-T140847-EA400 79      37.648833    -0.661015    47.808  
80     2      narrowband\L0103-D20140723-T140847-EA400 80      37.648833    -0.661015    47.616  
81     2      narrowband\L0103-D20140723-T140847-EA400 81      37.648820    -0.661010    47.808  
82     2      narrowband\L0103-D20140723-T140847-EA400 82      37.648820    -0.661010    47.808  
83     2      narrowband\L0103-D20140723-T140847-EA400 83      37.648820    -0.661010    47.808  
84     2      narrowband\L0103-D20140723-T140847-EA400 84      37.648820    -0.661010    47.808  
85     2      narrowband\L0103-D20140723-T140847-EA400 85      37.648808    -0.661003    47.808  
86     2      narrowband\L0103-D20140723-T140847-EA400 86      37.648808    -0.661003    47.808  
87     2      narrowband\L0103-D20140723-T140847-EA400 87      37.648797    -0.661000    47.808  
88     2      narrowband\L0103-D20140723-T140847-EA400 88      37.648797    -0.661000    47.808  
89     2      narrowband\L0103-D20140723-T140847-EA400 89      37.648797    -0.661000    48      
90     2      narrowband\L0103-D20140723-T140847-EA400 90      37.648797    -0.661000    47.808  
91     2      narrowband\L0103-D20140723-T140847-EA400 91      37.648773    -0.660988    48      
92     2      narrowband\L0103-D20140723-T140847-EA400 92      37.648773    -0.660988    47.808  
93     2      narrowband\L0103-D20140723-T140847-EA400 93      37.648773    -0.660988    47.808  
94     2      narrowband\L0103-D20140723-T140847-EA400 94      37.648760    -0.660983    47.808  
95     2      narrowband\L0103-D20140723-T140847-EA400 95      37.648760    -0.660983    47.808  
96     2      narrowband\L0103-D20140723-T140847-EA400 96      37.648760    -0.660983    47.808  
97     2      narrowband\L0103-D20140723-T140847-EA400 97      37.648748    -0.660977    47.808  
98     2      narrowband\L0103-D20140723-T140847-EA400 98      37.648748    -0.660977    48      
99     2      narrowband\L0103-D20140723-T140847-EA400 99      37.648748    -0.660977    48      
100    2      narrowband\L0103-D20140723-T140847-EA400 100     37.648725    -0.660962    48      
101    2      narrowband\L0103-D20140723-T140847-EA400 101     37.648725    -0.660962    48.192  
102    2      narrowband\L0103-D20140723-T140847-EA400 102     37.648725    -0.660962    47.808  
103    2      narrowband\L0103-D20140723-T140847-EA400 103     37.648715    -0.660952    48      
104    2      narrowband\L0103-D20140723-T140847-EA400 104     37.648715    -0.660952    48      
105    2      narrowband\L0103-D20140723-T140847-EA400 105     37.648705    -0.660943    48      
106    2      narrowband\L0103-D20140723-T140847-EA400 106     37.648705    -0.660943    48.192  
107    2      narrowband\L0103-D20140723-T140847-EA400 107     37.648705    -0.660943    48.192  
108    2      narrowband\L0103-D20140723-T140847-EA400 108     37.648698    -0.660932    48      
109    2      narrowband\L0103-D20140723-T140847-EA400 109     37.648698    -0.660932    48      
110    2      narrowband\L0103-D20140723-T140847-EA400 110     37.648698    -0.660932    48      
111    2      narrowband\L0103-D20140723-T140847-EA400 111     37.648685    -0.660908    48      
112    2      narrowband\L0103-D20140723-T140847-EA400 112     37.648685    -0.660908    48      
113    2      narrowband\L0103-D20140723-T140847-EA400 113     37.648685    -0.660908    48.192  
114    2      narrowband\L0103-D20140723-T140847-EA400 114     37.648682    -0.660897    48.192  
115    2      narrowband\L0103-D20140723-T140847-EA400 115     37.648682    -0.660897    48      
116    2      narrowband\L0103-D20140723-T140847-EA400 116     37.648682    -0.660897    48      
117    2      narrowband\L0103-D20140723-T140847-EA400 117     37.648682    -0.660897    48      
118    2      narrowband\L0103-D20140723-T140847-EA400 118     37.648678    -0.660885    48      
119    2      narrowband\L0103-D20140723-T140847-EA400 119     37.648678    -0.660885    48      
120    2      narrowband\L0103-D20140723-T140847-EA400 120     37.648678    -0.660885    48      
121    2      narrowband\L0103-D20140723-T140847-EA400 121     37.648678    -0.660885    48      
122    2      narrowband\L0103-D20140723-T140847-EA400 122     37.648678    -0.660885    48      
123    2      narrowband\L0103-D20140723-T140847-EA400 123     37.648678    -0.660872    48      
124    2      narrowband\L0103-D20140723-T140847-EA400 124     37.648678    -0.660872    48      
125    2      narrowband\L0103-D20140723-T140847-EA400 125     37.648678    -0.660872    48      
126    2      narrowband\L0103-D20140723-T140847-EA400 126     37.648685    -0.660847    48      
127    2      narrowband\L0103-D20140723-T140847-EA400 127     37.648685    -0.660847    48      
128    2      narrowband\L0103-D20140723-T140847-EA400 128     37.648685    -0.660847    48      
129    2      narrowband\L0103-D20140723-T140847-EA400 129     37.648685    -0.660847    48      
130    2      narrowband\L0103-D20140723-T140847-EA400 130     37.648690    -0.660835    48      
131    2      narrowband\L0103-D20140723-T140847-EA400 131     37.648690    -0.660835    48      
132    2      narrowband\L0103-D20140723-T140847-EA400 132     37.648690    -0.660835    48      
133    2      narrowband\L0103-D20140723-T140847-EA400 133     37.648695    -0.660823    48      
134    2      narrowband\L0103-D20140723-T140847-EA400 134     37.648695    -0.660823    48      
135    2      narrowband\L0103-D20140723-T140847-EA400 135     37.648695    -0.660823    48      
136    2      narrowband\L0103-D20140723-T140847-EA400 136     37.648695    -0.660823    48      
137    2      narrowband\L0103-D20140723-T140847-EA400 137     37.648695    -0.660823    47.808  
138    2      narrowband\L0103-D20140723-T140847-EA400 138     37.648712    -0.660802    47.808  
139    2      narrowband\L0103-D20140723-T140847-EA400 139     37.648712    -0.660802    48      
140    2      narrowband\L0103-D20140723-T140847-EA400 140     37.648712    -0.660802    48.192  
141    2      narrowband\L0103-D20140723-T140847-EA400 141     37.648712    -0.660802    48      
142    2      narrowband\L0103-D20140723-T140847-EA400 142     37.648720    -0.660790    48      
143    2      narrowband\L0103-D20140723-T140847-EA400 143     37.648720    -0.660790    48.192  
144    2      narrowband\L0103-D20140723-T140847-EA400 144     37.648720    -0.660790    48.192  
145    2      narrowband\L0103-D20140723-T140847-EA400 145     37.648730    -0.660782    48      
146    2      narrowband\L0103-D20140723-T140847-EA400 146     37.648730    -0.660782    48      
147    2      narrowband\L0103-D20140723-T140847-EA400 147     37.648730    -0.660782    48      
148    2      narrowband\L0103-D20140723-T140847-EA400 148     37.648730    -0.660782    48      
149    2      narrowband\L0103-D20140723-T140847-EA400 149     37.648742    -0.660768    48      
150    2      narrowband\L0103-D20140723-T140847-EA400 150     37.648742    -0.660768    48      
151    2      narrowband\L0103-D20140723-T140847-EA400 151     37.648742    -0.660768    48      
152    2      narrowband\L0103-D20140723-T140847-EA400 152     37.648742    -0.660768    48      
153    2      narrowband\L0103-D20140723-T140847-EA400 153     37.648758    -0.660745    48      
154    2      narrowband\L0103-D20140723-T140847-EA400 154     37.648758    -0.660745    48      
155    2      narrowband\L0103-D20140723-T140847-EA400 155     37.648758    -0.660745    48      
156    2      narrowband\L0103-D20140723-T140847-EA400 156     37.648758    -0.660745    48      
157    2      narrowband\L0103-D20140723-T140847-EA400 157     37.648758    -0.660745    48      
158    2      narrowband\L0103-D20140723-T140847-EA400 158     37.648765    -0.660732    48      
159    2      narrowband\L0103-D20140723-T140847-EA400 159     37.648765    -0.660732    48      
160    2      narrowband\L0103-D20140723-T140847-EA400 160     37.648765    -0.660732    48.192  
161    2      narrowband\L0103-D20140723-T140847-EA400 161     37.648765    -0.660732    48.192  
162    2      narrowband\L0103-D20140723-T140847-EA400 162     37.648770    -0.660718    48.192  
163    2      narrowband\L0103-D20140723-T140847-EA400 163     37.648770    -0.660718    48.192  
164    2      narrowband\L0103-D20140723-T140847-EA400 164     37.648770    -0.660718    48.192  
165    2      narrowband\L0103-D20140723-T140847-EA400 165     37.648770    -0.660718    48      
166    2      narrowband\L0103-D20140723-T140847-EA400 166     37.648782    -0.660690    48      
167    2      narrowband\L0103-D20140723-T140847-EA400 167     37.648782    -0.660690    48      
168    2      narrowband\L0103-D20140723-T140847-EA400 168     37.648782    -0.660690    48      
169    2      narrowband\L0103-D20140723-T140847-EA400 169     37.648787    -0.660677    48.192  
170    2      narrowband\L0103-D20140723-T140847-EA400 170     37.648787    -0.660677    48.192  
171    2      narrowband\L0103-D20140723-T140847-EA400 171     37.648787    -0.660677    48.192  
172    2      narrowband\L0103-D20140723-T140847-EA400 172     37.648787    -0.660677    48.192  
173    2      narrowband\L0103-D20140723-T140847-EA400 173     37.648793    -0.660663    48.192  
174    2      narrowband\L0103-D20140723-T140847-EA400 174     37.648793    -0.660663    48.192  
175    2      narrowband\L0103-D20140723-T140847-EA400 175     37.648793    -0.660663    48.192  
176    2      narrowband\L0103-D20140723-T140847-EA400 176     37.648800    -0.660648    48.192  
177    2      narrowband\L0103-D20140723-T140847-EA400 177     37.648800    -0.660648    48.384  
178    2      narrowband\L0103-D20140723-T140847-EA400 178     37.648800    -0.660648    48.192  
179    2      narrowband\L0103-D20140723-T140847-EA400 179     37.648810    -0.660615    48.192  
180    2      narrowband\L0103-D20140723-T140847-EA400 180     37.648810    -0.660615    48.192  
181    2      narrowband\L0103-D20140723-T140847-EA400 181     37.648810    -0.660615    48.192  
182    2      narrowband\L0103-D20140723-T140847-EA400 182     37.648810    -0.660615    48.192  
183    2      narrowband\L0103-D20140723-T140847-EA400 183     37.648815    -0.660600    48.192  
184    2      narrowband\L0103-D20140723-T140847-EA400 184     37.648815    -0.660600    48.192  
185    2      narrowband\L0103-D20140723-T140847-EA400 185     37.648815    -0.660600    48.192  
186    2      narrowband\L0103-D20140723-T140847-EA400 186     37.648815    -0.660600    48.192  
187    2      narrowband\L0103-D20140723-T140847-EA400 187     37.648817    -0.660583    48.192  
188    2      narrowband\L0103-D20140723-T140847-EA400 188     37.648817    -0.660583    48.192  
189    2      narrowband\L0103-D20140723-T140847-EA400 189     37.648817    -0.660583    48.192  
190    2      narrowband\L0103-D20140723-T140847-EA400 190     37.648817    -0.660583    48.192  
191    2      narrowband\L0103-D20140723-T140847-EA400 191     37.648818    -0.660568    48.384  
192    2      narrowband\L0103-D20140723-T140847-EA400 192     37.648818    -0.660568    48.384  
193    2      narrowband\L0103-D20140723-T140847-EA400 193     37.648818    -0.660568    48.384  
194    2      narrowband\L0103-D20140723-T140847-EA400 194     37.648818    -0.660568    48.384  
195    2      narrowband\L0103-D20140723-T140847-EA400 195     37.648820    -0.660538    48.384  
196    2      narrowband\L0103-D20140723-T140847-EA400 196     37.648820    -0.660538    48.384  
197    2      narrowband\L0103-D20140723-T140847-EA400 197     37.648820    -0.660538    48.384  
198    2      narrowband\L0103-D20140723-T140847-EA400 198     37.648820    -0.660523    48.384  
199    2      narrowband\L0103-D20140723-T140847-EA400 199     37.648820    -0.660523    48.384  
200    2      narrowband\L0103-D20140723-T140847-EA400 200     37.648820    -0.660523    48.384  
201    2      narrowband\L0103-D20140723-T140847-EA400 201     37.648820    -0.660523    48.384  
202    2      narrowband\L0103-D20140723-T140847-EA400 202     37.648820    -0.660508    48.384  
203    2      narrowband\L0103-D20140723-T140847-EA400 203     37.648820    -0.660508    48.576  
204    2      narrowband\L0103-D20140723-T140847-EA400 204     37.648820    -0.660508    48.576  
205    2      narrowband\L0103-D20140723-T140847-EA400 205     37.648820    -0.660508    48.576  
206    2      narrowband\L0103-D20140723-T140847-EA400 206     37.648820    -0.660508    48.576  
207    2      narrowband\L0103-D20140723-T140847-EA400 207     37.648823    -0.660478    48.384  
208    2      narrowband\L0103-D20140723-T140847-EA400 208     37.648823    -0.660478    48.384  
209    2      narrowband\L0103-D20140723-T140847-EA400 209     37.648823    -0.660478    48.384  
210    2      narrowband\L0103-D20140723-T140847-EA400 210     37.648823    -0.660478    48.384  
211    2      narrowband\L0103-D20140723-T140847-EA400 211     37.648823    -0.660478    48.384  
212    2      narrowband\L0103-D20140723-T140847-EA400 212     37.648827    -0.660460    48.384  
213    2      narrowband\L0103-D20140723-T140847-EA400 213     37.648827    -0.660460    48.384  
214    2      narrowband\L0103-D20140723-T140847-EA400 214     37.648827    -0.660460    48.384  
215    2      narrowband\L0103-D20140723-T140847-EA400 215     37.648827    -0.660460    48.576  
216    2      narrowband\L0103-D20140723-T140847-EA400 216     37.648827    -0.660445    48.576  
217    2      narrowband\L0103-D20140723-T140847-EA400 217     37.648827    -0.660445    48.576  
218    2      narrowband\L0103-D20140723-T140847-EA400 218     37.648827    -0.660445    48.576  
219    2      narrowband\L0103-D20140723-T140847-EA400 219     37.648827    -0.660445    48.384  
220    2      narrowband\L0103-D20140723-T140847-EA400 220     37.648828    -0.660430    48.384  
221    2      narrowband\L0103-D20140723-T140847-EA400 221     37.648828    -0.660430    48.384  
222    2      narrowband\L0103-D20140723-T140847-EA400 222     37.648828    -0.660430    48.384  
223    2      narrowband\L0103-D20140723-T140847-EA400 223     37.648828    -0.660430    48.384  
224    2      narrowband\L0103-D20140723-T140847-EA400 224     37.648828    -0.660430    48.576  
225    2      narrowband\L0103-D20140723-T140847-EA400 225     37.648828    -0.660395    48.576  
226    2      narrowband\L0103-D20140723-T140847-EA400 226     37.648828    -0.660395    48.576  
227    2      narrowband\L0103-D20140723-T140847-EA400 227     37.648828    -0.660395    48.576  
228    2      narrowband\L0103-D20140723-T140847-EA400 228     37.648828    -0.660380    48.576  
229    2      narrowband\L0103-D20140723-T140847-EA400 229     37.648828    -0.660380    48.576  
230    2      narrowband\L0103-D20140723-T140847-EA400 230     37.648828    -0.660380    48.576  
231    2      narrowband\L0103-D20140723-T140847-EA400 231     37.648828    -0.660380    48.576  
232    2      narrowband\L0103-D20140723-T140847-EA400 232     37.648828    -0.660362    48.576  
233    2      narrowband\L0103-D20140723-T140847-EA400 233     37.648828    -0.660362    48.576  
234    2      narrowband\L0103-D20140723-T140847-EA400 234     37.648828    -0.660362    48.576  
235    2      narrowband\L0103-D20140723-T140847-EA400 235     37.648828    -0.660362    48.576  
236    2      narrowband\L0103-D20140723-T140847-EA400 236     37.648828    -0.660348    48.576  
237    2      narrowband\L0103-D20140723-T140847-EA400 237     37.648828    -0.660348    48.576  
238    2      narrowband\L0103-D20140723-T140847-EA400 238     37.648828    -0.660348    48.576  
239    2      narrowband\L0103-D20140723-T140847-EA400 239     37.648828    -0.660348    48.576  
240    2      narrowband\L0103-D20140723-T140847-EA400 240     37.648828    -0.660348    48.576  
241    2      narrowband\L0103-D20140723-T140847-EA400 241     37.648833    -0.660315    48.576  
242    2      narrowband\L0103-D20140723-T140847-EA400 242     37.648833    -0.660315    48.576  
243    2      narrowband\L0103-D20140723-T140847-EA400 243     37.648833    -0.660315    48.576  
244    2      narrowband\L0103-D20140723-T140847-EA400 244     37.648837    -0.660298    48.576  
245    2      narrowband\L0103-D20140723-T140847-EA400 245     37.648837    -0.660298    48.576  
246    2      narrowband\L0103-D20140723-T140847-EA400 246     37.648837    -0.660298    48.576  
247    2      narrowband\L0103-D20140723-T140847-EA400 247     37.648837    -0.660298    48.576  
248    2      narrowband\L0103-D20140723-T140847-EA400 248     37.648837    -0.660298    48.576  
249    2      narrowband\L0103-D20140723-T140847-EA400 249     37.648838    -0.660283    48.576  
250    2      narrowband\L0103-D20140723-T140847-EA400 250     37.648838    -0.660283    48.768  
251    2      narrowband\L0103-D20140723-T140847-EA400 251     37.648838    -0.660283    48.768  
252    2      narrowband\L0103-D20140723-T140847-EA400 252     37.648843    -0.660250    48.768  
253    2      narrowband\L0103-D20140723-T140847-EA400 253     37.648843    -0.660250    48.768  
254    2      narrowband\L0103-D20140723-T140847-EA400 254     37.648843    -0.660250    48.768  
255    2      narrowband\L0103-D20140723-T140847-EA400 255     37.648845    -0.660233    48.768  
256    2      narrowband\L0103-D20140723-T140847-EA400 256     37.648845    -0.660233    48.768  
257    2      narrowband\L0103-D20140723-T140847-EA400 257     37.648845    -0.660233    48.768  
258    2      narrowband\L0103-D20140723-T140847-EA400 258     37.648847    -0.660217    48.768  
259    2      narrowband\L0103-D20140723-T140847-EA400 259     37.648847    -0.660217    48.768  
260    2      narrowband\L0103-D20140723-T140847-EA400 260     37.648847    -0.660217    48.768  
261    2      narrowband\L0103-D20140723-T140847-EA400 261     37.648847    -0.660217    48.768  
262    2      narrowband\L0103-D20140723-T140847-EA400 262     37.648847    -0.660217    48.768  
263    2      narrowband\L0103-D20140723-T140847-EA400 263     37.648848    -0.660200    48.768  
264    2      narrowband\L0103-D20140723-T140847-EA400 264     37.648848    -0.660200    48.768  
265    2      narrowband\L0103-D20140723-T140847-EA400 265     37.648848    -0.660200    48.768  
266    2      narrowband\L0103-D20140723-T140847-EA400 266     37.648848    -0.660165    48.768  
267    2      narrowband\L0103-D20140723-T140847-EA400 267     37.648848    -0.660165    48.768  
268    2      narrowband\L0103-D20140723-T140847-EA400 268     37.648848    -0.660165    48.768  
269    2      narrowband\L0103-D20140723-T140847-EA400 269     37.648848    -0.660165    48.768  
270    2      narrowband\L0103-D20140723-T140847-EA400 270     37.648848    -0.660150    48.768  
271    2      narrowband\L0103-D20140723-T140847-EA400 271     37.648848    -0.660150    48.96   
272    2      narrowband\L0103-D20140723-T140847-EA400 272     37.648848    -0.660150    48.96   
273    2      narrowband\L0103-D20140723-T140847-EA400 273     37.648850    -0.660133    48.96   
274    2      narrowband\L0103-D20140723-T140847-EA400 274     37.648850    -0.660133    48.96   
275    2      narrowband\L0103-D20140723-T140847-EA400 275     37.648850    -0.660133    48.96   
276    2      narrowband\L0103-D20140723-T140847-EA400 276     37.648850    -0.660133    48.96   
277    2      narrowband\L0103-D20140723-T140847-EA400 277     37.648852    -0.660100    48.96   
278    2      narrowband\L0103-D20140723-T140847-EA400 278     37.648852    -0.660100    48.96   
279    2      narrowband\L0103-D20140723-T140847-EA400 279     37.648852    -0.660100    48.768  
280    2      narrowband\L0103-D20140723-T140847-EA400 280     37.648852    -0.660100    48.768  
